
;; This file is generated by gh2/run/xboxlive/make_songpack.py
;; Do not edit this file directly
;;; sike :marf:

(allofthis (26087 44401 55707 62073))
(behindthemask (20948 36400 45637 50512))
(graveyardshift (13261 34528 45782 56482))
(spanishcastlemagic (35083 55049 65809 76952))
(thunderkiss65 (40409 63198 73572 95009))
(trippolette (18430 30596 47535 60034))
(barkatthemoon (63469 86497 110943 126529))
(aceofspades (41246 55036 83168 88328))
(frankenstein (40289 50972 72513 92842))
(heyyou (39344 51830 89341 96635))
(higherground (43741 65547 90741 108447))
(infected (51698 75373 99443 106328))
(iwannabesedated (27831 60317 93566 106252))
(killerqueen (34594 41714 49372 51960))
(smokeonthewater (59852 77281 102416 117541))
(stellar (38046 49572 59171 60777))
(takeitoff (32778 47631 71223 74346))
(farewellmyth (38233 54554 89406 104706))
(symphofdestruction (21946 40477 66453 95715))
(getready2rokk (10800 26500 33500 45500))
(unsung (32892 66401 105163 138402))
(breakingwheel (10800 26500 33500 45500))
(callout (10800 26500 33500 45500))
(cavemanrejoice (10800 26500 33500 45500))
(cheatonthechurch (10800 26500 33500 45500))
(cochise (10800 26500 33500 45500))
(cowboysfromhell (10800 26500 33500 45500))
(crossroads (10800 26500 33500 45500))
(decontrol (10800 26500 33500 45500))
(eureka (10800 26500 33500 45500))
(evenrats (10800 26500 33500 45500))
(farewellmyth (38233 54554 89406 104706))
(fatlip (10800 26500 33500 45500))
(fireitup (10800 26500 33500 45500))
(flyonthewall (10800 26500 33500 45500))
(godzilla (10800 26500 33500 45500))
(guitarhero (10800 26500 33500 45500))
(heartfullofblack (10800 26500 33500 45500))
(hey (10800 26500 33500 45500))
(iloverockandroll (10800 26500 33500 45500))
(ironman (10800 26500 33500 45500))
(morethanafeeling (36342 47933 74330 92405))
(nooneknows (10800 26500 33500 45500))
(sailyourshipby (10800 26500 33500 45500))
(sharpdressedman (10800 26500 33500 45500))
(storyofmylove (10800 26500 33500 45500))
(takemeout (36312 55345 81330 99786))
(texasflood (10800 26500 33500 45500))
(ziggystardust (10800 26500 33500 45500))